## 导入数据进行主成分分析

得到主向量：
$$
\left(
\begin{array}{ccccccc}
 0.532456 & 0.558647 & 0.489608 & 0.189288 & 0.328206 & 0.0947973 & 0.110235 \\
 -0.302602 & -0.0318648 & -0.223899 & 0.278935 & 0.364256 & 0.589206 & 0.547389 \\
 -0.0739652 & 0.728162 & -0.516356 & 0.126275 & -0.419969 & 0.0524974 & -0.0510952 \\
 0.59596 & -0.35595 & -0.0995157 & 0.227029 & -0.46248 & 0.488363 & -0.0655788 \\
 -0.514067 & 0.0786769 & 0.596697 & 0.284208 & -0.349196 & 0.30618 & -0.277559 \\
 0.00297143 & -0.0802815 & -0.270494 & 0.571598 & 0.434766 & -0.0563422 & -0.633607 \\
 0.00321531 & -0.131693 & 0.0664174 & 0.641388 & -0.241614 & -0.552878 & 0.450338 \\
\end{array}
\right)
$$
并且得到主成分分析之后的数据（仍然是20000*7的），我们对每个数据只取前两个分量（主向量上的分量）。将它们散布在特征空间上。

得到如下图像：

![训练集在两个最主成分构成的特征空间中的分布图（无色）](G:\GitHub Local Repository\Mathematical-Modeling-Campus-Competition\训练集在两个最主成分构成的特征空间中的分布图（无色）.jpg)

将它们按照标签"1"或者"0"赋予不同的颜色，得到：

![训练集在两个最主成分构成的特征空间中的分布图（有色）](G:\GitHub Local Repository\Mathematical-Modeling-Campus-Competition\训练集在两个最主成分构成的特征空间中的分布图（有色）.jpg)



我们来分析一下在这个问题中使用主成分分析的好处。

我们首先来求出协方差矩阵，
$$
\left(
\begin{array}{ccccccc}
 0.0985186 & 0.0943964 & 0.0853236 & 0.0304429 & 0.0527863 & 0.0124883 & 0.014629 \\
 0.0943964 & 0.109691 & 0.0843306 & 0.0344634 & 0.0559192 & 0.0162319 & 0.0191176 \\
 0.0853236 & 0.0843306 & 0.0849893 & 0.0273838 & 0.0516196 & 0.0112965 & 0.0144296 \\
 0.0304429 & 0.0344634 & 0.0273838 & 0.0172714 & 0.0219271 & 0.0109203 & 0.00977298 \\
 0.0527863 & 0.0559192 & 0.0516196 & 0.0219271 & 0.0443377 & 0.0141748 & 0.017051 \\
 0.0124883 & 0.0162319 & 0.0112965 & 0.0109203 & 0.0141748 & 0.015963 & 0.011729 \\
 0.014629 & 0.0191176 & 0.0144296 & 0.00977298 & 0.017051 & 0.011729 & 0.0153588 \\
\end{array}
\right)
$$
求取它的特征值，
$$
\{0.324628,0.0292082,0.0138556,0.00714802,0.00451951,0.0043991,0.00237199\}
$$
特征值分别占总比例：
$$
\{0.840721,0.0756435,0.0358832,0.018512,0.0117046,0.0113928,0.00614299\}
$$
 累计比例
$$
\{0.840721,0.916364,0.952248,0.97076,0.982464,0.993857,1.\}
$$

$$
\mu_{i}=\mathrm{E}\left(X_{i}\right)
$$

$$
\Sigma_{i j}=\operatorname{cov}\left(X_{i}, X_{j}\right)=\mathrm{E}\left[\left(X_{i}-\mu_{i}\right)\left(X_{j}-\mu_{j}\right)^{\mathrm{T}}\right]
$$

$$
\operatorname{var}(\mathbf{X})=\operatorname{cov}(\mathbf{X})=\mathrm{E}\left[(\mathbf{X}-\mathrm{E}[\mathbf{X}])(\mathbf{X}-\mathrm{E}[\mathbf{X}])^{\mathrm{T}}\right]
$$

$$
\operatorname{cov}(\mathbf{X}, \mathbf{Y})=\mathrm{E}\left[(\mathbf{X}-\mathrm{E}[\mathbf{X}])(\mathbf{Y}-\mathrm{E}[\mathbf{Y}])^{\top}\right]
$$

$$
\begin{aligned}
\Sigma=& \mathrm{E}\left[(\mathbf{X}-\mathrm{E}[\mathbf{X}])(\mathbf{X}-\mathrm{E}[\mathbf{X}])^{\mathrm{T}}\right] \\
&\left[\begin{array}{cccc}
\mathrm{E}\left[\left(X_{1}-\mu_{1}\right)\left(X_{1}-\mu_{1}\right)\right] & \mathrm{E}\left[\left(X_{1}-\mu_{1}\right)\left(X_{2}-\mu_{2}\right)\right] & \cdots & \mathrm{E}\left[\left(X_{1}-\mu_{1}\right)\left(X_{n}-\mu_{n}\right)\right] \\
\mathrm{E}\left[\left(X_{2}-\mu_{2}\right)\left(X_{1}-\mu_{1}\right)\right] & \mathrm{E}\left[\left(X_{2}-\mu_{2}\right)\left(X_{2}-\mu_{2}\right)\right] & \cdots & \mathrm{E}\left[\left(X_{2}-\mu_{2}\right)\left(X_{n}-\mu_{n}\right)\right] \\
\vdots & \vdots & \ddots & \vdots \\
\mathrm{E}\left[\left(X_{n}-\mu_{n}\right)\left(X_{1}-\mu_{1}\right)\right] & \mathrm{E}\left[\left(X_{n}-\mu_{n}\right)\left(X_{2}-\mu_{2}\right)\right] & \cdots & \mathrm{E}\left[\left(X_{n}-\mu_{n}\right)\left(X_{n}-\mu_{n}\right)\right]
\end{array}\right]
\end{aligned}
$$

$$
\frac{\partial \mathcal{L}}{\partial w}=0 \Rightarrow w=\sum_{i=1}^{n} \alpha_{i} y_{i} x_{i}
$$

$$
\frac{\partial \mathcal{L}}{\partial b}=0 \Rightarrow \sum_{i=1}^{n} \alpha_{i} y_{i}=0
$$

$$
\mathcal{L}(w, b, \alpha)=\frac{1}{2}\|w\|^{2}-\sum_{i=1}^{n} \alpha_{i}\left(y_{i}\left(w^{T} x_{i}+b\right)-1\right)
$$

$$
\begin{aligned}
\mathcal{L}(w, b, \alpha) &=\frac{1}{2} \sum_{i, j=1}^{n} \alpha_{i} \alpha_{j} y_{i} y_{j} x_{i}^{T} x_{j}-\sum_{i, j=1}^{n} \alpha_{i} \alpha_{j} y_{i} y_{j} x_{i}^{T} x_{j}-b \sum_{i=1}^{n} \alpha_{i} y_{i}+\sum_{i=1}^{n} \alpha_{i} \\
&=\sum_{i=1}^{n} \alpha_{i}-\frac{1}{2} \sum_{i, j=1}^{n} \alpha_{i} \alpha_{j} y_{i} y_{j} x_{i}^{T} x_{j}
\end{aligned}
$$

$$
\begin{aligned}
\max _{\alpha} & \sum_{i=1}^{n} \alpha_{i}-\frac{1}{2} \sum_{i, j=1}^{n} \alpha_{i} \alpha_{j} y y_{j} x_{i}^{T} x_{j} \\
\text {s.t.}, & \alpha_{i} \geq 0, i=1, \ldots, n \\
& \sum_{i=1}^{n} \alpha_{i} y=0
\end{aligned}
$$

$$
w=\sum_{i=1}^{m} \alpha_{i} y^{(i)} x^{(i)}
$$

$$
b^{*}=-\frac{\max _{i: y^{(i)}=-1} w^{* T} x^{(i)}+\min _{i: y^{(i)}=1} w^{* T} x^{(i)}}{2}
$$

